9780415466127
1584650907
1576738167
9780060913076
0439064864
0439136350
9780425224847
9781598800913
0316184136
0486295680
0380002450
0671796003
0821416111
9781932195521
9781932195484
9780061349607
9780743257589
0811844943
0395500753
9781555974558
9780873585422
0395199700
0590454951
0689711735
0899198651
0590450506
0394800184
059044056X
0394800168
0590134698
0819309818
0689710518
0393974901
0802406858
043935806X
034540548X
0439784549
0679445358
0375760393
0439139597
9780307593337
9780545010221
0380797038
9780345518750
0805029087
059035342X
9780802150585
037571054X
037550219X
9780802091956
0375753222
0553213997
9781400032822
9780141180694
9781567315875
0553212885
0140189645
4770025041
9781402730702
9780061177576
1845730542
0195135083
0312300476
9780349111537
9780143038412
9780385517874
0345353145
0375709908
0393319296
0385504470
0385501560
0807113387
9780061233326
0803227698
0393975428
0892553308
0312320833
037550382X
0486270459
9781416562603
9780807063415
0393321789
1400049628
9780060837020
0060586540
0140422536
0618056777
0811825558
0618352104
0811835995
0397300069
9780143038252
0449208133
0143039083
9780060826598
1882502213
0671211293
0590600427
1594740976
0393976041
9780618357130
9780060832667
0843118245
9781904130260
067973225X
0495012130
9780312243029
9780440406945
9780375704024
9780143038580
0871564300
0805062971
9780810953031
0130257133
0836217357
0375701966
0440849004
0836220889
9781932416817
0940450372
0374518173
0789493586
9780060953027
0375753222
1556590520
1577660021
9781934254035
0060909269
9781884592447
0307263231
0517183404
9781412704335
0696019922
9780764524837
1891105108
4770029624
9784840132329
9784635023399
9780982565810
4152060093
8476715595
9781440502255
1581730454